hashTime: 89.424423ms
hashGroupTime: 15.369µs
31: 0 3 9 13 15 16 17 22 24 27 28 30 32 35 37 43 45 46 48 49 52 54 60 64 65 66 74 78 79 86 88 89 90 91 94 98 
191: 1 2 4 5 6 7 8 10 11 12 14 18 19 20 21 23 25 26 29 31 33 34 36 38 39 40 41 42 44 47 50 51 53 55 56 57 58 59 61 62 63 67 68 69 70 71 72 73 75 76 77 80 81 82 83 84 85 87 92 93 95 96 97 99 
compareTreeTime: 1.143456067s
group 0: 0 9 45 86 
group 1: 8 80 
group 2: 41 83 
group 3: 73 87 
group 4: 28 54 94 
group 5: 74 79 
group 6: 19 21 
group 7: 68 92 
group 8: 15 24 49 
group 9: 53 75 
group 10: 17 65 
group 11: 37 52 89 
group 12: 18 29 96 
group 13: 69 70 
group 14: 24 49 
group 15: 20 53 75 
group 16: 56 95 
group 17: 9 45 86 
group 18: 35 78 
group 19: 52 89 
group 20: 38 93 99 
group 21: 3 60 
group 22: 4 71 
group 23: 40 62 
group 24: 93 99 
group 25: 10 76 
group 26: 16 27 35 78 
group 27: 30 88 
group 28: 54 94 
group 29: 91 98 
